8625
4801
7055
2917
7094
3257
4339
6360
4985
4534
3681
2427
6528
2162
9101
3219
8056
338
5523
1923
2422
9750
513
7744
5938
2993
4363
9292
4604
976
6285
7879
5455
7635
9722
1612
7997
9155
7297
3997
8265
9290
5910
8576
9452
1045
6416
3021
1747
8357
2967
7966
2670
9027
458
6882
994
5427
6113
7116
4648
3497
5703
8819
3831
1803
8060
3201
9448
4203
8875
3079
7954
2402
8500
5324
4805
4094
5509
7298
1428
3591
4559
2120
2343
6807
4403
7797
5418
7403
2175
3663
7268
9766
9024
3348
2625
5741
3987
1869
8618
1075
5696
3523
1050
8623
8805
3964
7146
124
3212
2886
3802
8866
6679
628
864
4689
179
7262
9044
2124
4612
971
7239
2872
9335
9390
173
5827
5421
6169
6755
8929
5002
4536
9329
5533
1060
6465
9162
455
2835
6278
3097
7633
5410
4704
5554
7146
9877
130
3493
2435
2743
7780
9605
2153
3088
7446
3810
1679
2542
374
7644
6154
214
8804
1355
5293
1578
1687
6637
1964
351
654
2043
7927
3194
2010
2514
1798
1661
5314
9184
3693
3758
1066
4099
7050
9401
7176
1592
731
2766
1016
6930
6812
2780
54
414
7464
7831
3090
5836
6932
8615
7474
8743
7221
8548
8217
9111
5927
1045
1394
1854
4842
8014
944
2744
9234
474
2130
4939
952
9317
5095
4750
8307
18
3352
6192
7535
5088
2443
221
9405
9872
7859
8282
7630
4808
3378
1597
3154
9375
3785
3668
7962
6317
8077
8520
6796
8098
1900
2260
3872
9526
5559
8354
7936
1874
5656
9028
3854
3204
7681
432
9979
3003
9197
3324
6025
3569
6454
7110
6177
5247
8761
4772
9941
593
2863
7416
9853
7324
3189
7140
8817
1083
3261
2793
3552
6520
6243
7172
3885
8046
5443
2678
1217
5261
9290
4015
2287
5975
1873
6784
1194
8946
4430
1480
2314
8955
7503
6165
1733
2250
4327
3639
4453
6370
1561
2267
2415
3314
5720
5809
67
1542
8305
6355
3434
4492
4349
7237
6000
3432
5580
513
5254
830
1035
5218
1621
9188
6177
8285
3324
722
2246
3428
7821
5350
5429
653
1644
9013
1738
8095
685
205
5555
651
6257
9014
7929
8714
8631
5695
102
3162
8602
8748
7784
8139
2641
6625
5176
2948
4678
6493
5759
3323
3543
2712
4376
2144
8102
2318
3871
5370
3977
7460
3935
5360
4210
8024
2413
5087
4096
9176
659
6418
6925
7071
5184
6878
5387
1641
2813
3406
639
5703
480
8522
6165
1481
5718
3518
4743
9934
3164
3927
8118
2978
2291
7434
8770
6104
4366
1780
8967
8316
7719
910
9134
7732
3362
4087
6673
2307
8638
7179
2310
9134
21
2248
9704
5839
320
8184
3915
132
715
5302
1782
5612
1484
4137
8112
5870
3228
2302
3873
4546
8328
3446
8
9908
5763
2950
4361
4190
8481
8072
1688
6253
5035
4455
5990
4945
6470
9317
8100
5492
8378
8019
1170
5622
7141
929
9655
2332
3307
412
7564
8007
5878
2894
5963
2687
2498
7542
5998
3487
2851
2855
2426
3855
2708
5649
4816
8100
1636
4493
3224
6003
4249
1437
9281
8740
5091
8117
8616
4190
284
208
697
3020
8566
7977
387
3594
4688
4039
402
5124
8968
7724
9859
5520
4078
6323
4599
6533
905
1438
1121
263
637
7126
6548
9685
9635
7188
9115
5849
3009
2709
7469
6892
5163
1511
1719
3795
4246
6383
573
2434
8052
4146
4363
5959
3614
6741
7164
22
7582
9366
2111
2447
7000
6663
9459
4480
3568
729
8964
1413
2229
3484
6890
590
4718
9032
6189
8892
9958
3823
938
7173
5638
7156
6488
1861
3564
5335
4085
919
7362
7189
6106
534
3222
1776
1535
5799
7594
9558
5716
5183
5525
819
5181
7393
3270
7651
3532
1063
9539
145
261
1843
5172
3182
6807
8384
2974
8636
3869
2296
8318
6983
9035
4240
8268
9470
1905
2169
6900
96
5869
1588
4860
445
7951
5468
8252
6666
2742
9724
4992
4501
7253
8258
4628
752
8370
8328
9921
5043
3079
3606
9987
9802
3764
3468
2899
2793
7794
6865
1184
1227
1282
5094
9792
1208
2153
2255
5997
7056
5727
2484
4427
6767
1763
1764
4364
8206
9645
7635
5705
4702
3938
4208
9180
2760
6162
7151
8638
5825
6081
171
9520
271
7832
5160
8651
9363
2202
2684
1496
7200
8801
5624
6966
412
1759
9661
8197
3297
460
3400
5481
4044
8330
9603
3537
994
2901
5417
8646
9124
5476
8091
9959
5195
9270
5748
9807
8049
7999
4920
2010
1494
60
8429
737
8562
1593
2097
9081
1047
7740
6335
3633
124
1903
7587
5953
6639
3435
3034
1472
954
4633
9424
6335
9282
5408
7318
9399
118
1547
4976
1427
5988
3323
4010
6908
3828
2111
1053
7772
8861
1397
8512
5407
4026
9110
9538
2502
7787
2651
8751
2593
5287
4479
6326
6952
356
2014
8776
3778
9527
5330
1486
1120
4263
1141
5937
278
3396
9089
7993
3798
9532
9572
6281
2364
3108
6023
8543
9947
7488
6980
2145
72
8176
1361
4934
8729
8492
663
2366
9159
7348
9846
9775
3885
2485
3514
546
1963
6493
3923
2548
1257
6192
7151
7425
1728
8217
5942
5286
6737
1609
2608
1532
9621
6511
6659
10
3227
2436
1811
2371
1911
8299
4343
9153
7140
6508
29
4615
4039
4383
4402
5154
8034
8627
7924
151
2020
5779
163
8627
9610
8708
3195
7990
3403
5188
382
3815
5644
5116
659
8917
49
2663
9521
2609
5392
4684
4645
1496
3395
5001
3016
5719
5082
7158
4360
8902
9543
7069
841
6435
9657
6102
9581
1001
4702
8869
5030
5195
8822
7281
8361
6441
7857
8563
8506
4527
8808
2236
2326
5478
7340
4983
9826
7908
6669
2799
4525
7181
294
3304
441
9964
891
9901
3003
1955
3790
2948
7087
9286
3394
4789
7423
9085
5848
3352
1332
1860
2207
3514
827
30
9294
1913
9064
5040
8696
3812
3449
1697
8577
3443
982
9979
9012
1002
7666
395
1045
7730
8860
6085
5640
2279
745
7169
6394
9789
1797
6522
2982
5138
1283
6357
650
9128
5550
2531
6427
2403
50
1372
1338
2492
1964
6358
2129
3367
6407
851
14
1672
2176
9920
353
6304
6307
2799
1900
967
5498
3620
4658
4193
7375
870
7348
1880
6897
6786
8021
2690
6288
522
2324
812
3212
9202
2772
9697
4399
7966
5759
2531
1173
9856
4377
34
5832
5015
7987
9416
2243
4684
3176
6606
9032
6170
5769
3412
8928
8579
9276
2670
5807
8621
9503
1389
1200
3608
8614
4861
4081
5243
4957
2157
7926
5194
5736
6494
2905
9437
9483
5897
1420
3929
6750
2824
1595
9041
3919
6194
7024
8688
9878
4904
5756
8801
375
6857
8442
6320
1769
6750
9337
1416
3330
2228
5477
6976
8831
6469
1053
971
9984
5620
2438
34
4285
1556
2267
2680
6545
3496
2389
1419
8481
5490
3255
1457
8093
3840
7045
9035
3363
269
8389
6061
2345
5003
4449
2901
9887
6250
8680
7872
8009
2815
7223
6332
8522
9727
7588
4808
5001
6806
3234
1673
1408
9249
9357
9558
525
3183
4076
7098
9486
8968
3558
9497
4621
6106
1431
8120
8466
3676
3189
45
5532
6465
1162
5612
5267
9004
2158
6946
7281
3993
727
2647
4926
211
8034
3480
8310
4366
177
3887
4936
7168
452
7792
8283
4375
3153
2777
3259
6602
488
3879
10
7989
5807
3991
9006
5763
5216
9482
7379
504
6914
1383
7452
3148
3010
6111
7883
699
9738
2887
5810
2974
3357
3004
6330
9111
9802
297
9616
34
7314
6819
6500
3424
2711
146
1331
6576
6761
4648
1418
1264
5793
1689
5771
1228
7053
4049
3005
1693
6273
3923
3805
9107
2087
3998
1091
7566
3664
9587
8859
179
2814
7623
392
2091
3796
5379
2671
9507
1981
7904
9849
6591
3389
1777
1322
7396
5030
7069
8923
9913
5083
160
10000
3474
7481
198
7612
2209
7553
6950
2376
9436
2423
2762
9704
7129
2576
2612
5607
8571
2183
6926
4042
3711
7504
1275
2698
9651
531
9756
9528
2713
4532
872
9125
1791
5575
5138
4600
1666
5503
9527
4893
8384
5283
6113
6986
1748
4557
8080
7923
2552
7819
4381
6227
2696
7881
3940
5735
5889
6085
1908
9086
8652
4393
3685
7365
6638
2648
7208
7857
4330
298
2671
6402
8297
3126
9364
9741
7697
8682
8542
9720
5067
5664
1691
3052
1692
7339
2383
3313
4953
6156
1706
320
772
5846
7625
5195
1172
7480
8864
7112
9789
5730
8467
8919
5877
8706
2749
2871
8752
6085
1764
1475
2725
959
8104
896
6263
772
8537
7626
7311
2534
3629
3468
5917
7022
6405
8598
3900
6553
2756
6763
8206
3761
5443
1546
2367
704
1147
7434
7867
3137
7595
9919
5041
7426
4180
1688
8513
4349
282
463
1462
3980
1005
5447
4718
107
7828
3115
9362
3
8681
4226
8082
2049
2062
1260
8538
3700
3637
9434
8912
5748
5370
6919
5384
2107
6568
7239
7780
4461
4852
5694
9764
8075
3363
1163
1989
3952
2766
2352
7714
5813
3158
3638
805
8029
4127
1330
351
5245
1616
4035
9371
705
6153
7850
2342
9536
8193
8024
12
6320
2960
94
2802
8810
5308
7568
6268
3307
7808
7956
1466
6623
2094
593
4644
6012
5487
6193
4639
9828
2039
6137
7750
2081
7163
4519
7260
9478
4163
6520
8576
7835
5904
4579
2282
4400
274
4496
6340
710
9191
4726
4909
228
3536
7316
6553
2320
3642
1459
172
4304
8334
3886
4225
9777
4141
4885
2211
4316
6703
751
2928
9763
4045
1354
4494
3627
3185
9306
7939
7774
3888
9039
6415
7221
6736
1226
9368
9722
4967
6587
4797
4033
4540
3201
7672
9310
4843
3130
4446
2438
2617
7743
3199
1420
3850
5064
2852
7941
4138
4549
8101
975
8043
3912
7301
3964
1948
2111
2030
8492
3782
6457
2437
7086
5107
4429
1679
6949
7930
9335
3250
2980
1453
8406
7509
543
2701
7274
9452
4893
3539
9824
6714
9746
3352
8508
5640
6176
7928
7444
6835
470
2491
3433
3816
4602
1509
4010
6067
6913
3623
3106
5227
6096
335
6020
973
2175
2783
9835
8026
3906
6278
1542
8402
8511
9576
9023
511
9611
6050
2230
9127
9850
5438
5342
9252
9722
577
7168
4213
3794
4674
4082
2777
2854
3955
1647
525
3243
2569
635
5041
879
8479
2232
2838
4390
8470
8958
7902
9545
4773
7083
3454
5135
349
1945
4073
4289
4820
8875
98
2124
4693
943
2949
2690
5886
5749
870
2075
2703
2793
1309
5299
1832
7923
9332
8640
3795
8401
9341
6230
4769
8347
5886
7472
2095
7447
4770
4950
3461
4793
7572
8637
3222
5839
8343
2394
4454
5895
7756
7067
8629
7878
2815
5356
3923
6420
6096
3080
4232
6129
9656
2896
4943
3186
110
4624
2858
3662
188
4046
1576
4851
7527
7898
755
466
4475
4498
5647
6348
8188
555
6290
4439
8335
4601
9739
6782
1989
5116
2356
9123
928
9541
7530
2279
5826
4429
5151
2398
5274
2426
1422
338
8195
6170
1394
8457
9592
481
8064
6529
3855
6216
2355
2963
1704
4520
9359
9650
8034
8862
5998
2529
1362
7070
4557
6079
2428
8082
140
1307
2716
1100
55
9396
2940
7654
942
5384
9825
1325
2449
9440
867
2225
1393
4570
2029
8242
4973
8661
9985
6216
434
2462
3906
3148
6099
8899
1689
7983
3096
3085
9007
5887
1034
4505
4246
4240
6755
3546
2707
8970
67
5925
2492
9738
7998
4332
5940
2980
4451
5531
983
2412
4098
9033
5124
3466
8246
80
7415
7102
3589
5168
1089
177
1847
5027
8278
5748
6150
4314
5816
8414
1115
9929
4481
6146
5739
562
8794
7294
3408
8764
9175
4915
3787
9532
6074
9175
5664
8513
6151
7963
1014
8820
9361
8969
7934
7519
859
3596
4810
8577
7843
7328
5973
260
7695
9987
6350
2491
2283
8993
9517
2419
7861
6843
6296
3176
8978
2576
9639
2196
7479
5398
7161
6843
8920
1148
5138
1292
6882
2078
2016
8433
5449
6932
3155
8459
1455
2268
7539
5447
1683
1725
4030
1805
8453
4378
2361
4176
1300
9561
8763
1999
5993
2918
1479
7956
8264
4783
2863
1720
5317
7333
7521
3547
5281
6874
6400
2885
7545
6511
5507
3856
6652
360
3015
5257
2460
3664
6477
1774
1031
1537
5881
3718
5563
6279
7317
3885
3330
8622
1833
9189
9985
3533
1143
6384
6790
7577
4612
3656
2889
3963
102
1174
2952
5959
4507
6171
39
9694
4206
4746
289
9219
296
8033
758
3601
2675
1518
2331
8160
6583
5187
1325
152
6612
232
8699
5701
6164
5638
9278
6466
3986
2618
6331
2744
6914
4486
3682
9168
3809
6100
6888
314
6769
3719
3902
1957
141
8097
635
4685
6510
2899
4110
1695
6906
2706
8278
1004
4312
9815
9699
5185
3882
4491
423
5985
9570
1083
7843
8445
1177
6771
9073
7994
7415
2123
5386
1607
2251
6250
9541
8614
1813
8553
6701
2933
2462
2686
6428
4067
2484
8827
5340
6820
9987
5039
7500
3973
6369
8451
5136
2456
1519
2769
7014
3175
8130
1338
4328
5383
7349
4489
3796
9153
1224
8950
5788
5031
4647
4042
1301
7094
1219
7612
8119
3668
5878
7797
64
7259
4737
6897
7341
9369
3671
1958
9866
6745
3664
1952
9948
8961
7835
2081
9201
3434
4088
5507
5460
4501
5001
5944
346
8622
2272
3277
8658
1694
623
3306
8822
2970
2325
8659
7948
5588
1071
2793
7208
5646
1420
1961
8943
4502
591
6238
1368
2197
6818
1798
5501
178
4053
6880
4247
2408
2528
9499
4891
378
4453
7050
1032
6529
9186
5568
5040
5341
3980
4073
7558
3342
1994
6999
6709
7730
9122
6218
2182
6254
8901
4929
844
5472
5051
3424
4269
2122
3228
913
4771
8675
7191
93
6018
3678
1584
6735
5970
8373
6541
2433
3064
8787
8027
9464
2260
6827
6596
9260
4150
4705
8213
2787
630
8931
678
705
4071
998
8166
449
2069
6980
448
4289
205
9090
4199
5019
4134
7134
5629
7470
683
221
5642
768
5758
4013
8957
5533
7707
4139
7048
522
1542
1920
98
1661
6948
4253
7945
3218
2936
8584
8391
5478
5230
6635
6715
1220
4686
4163
2542
3552
505
9853
4966
7731
4240
1265
8551
3862
8549
488
4669
2049
7300
5865
4168
6468
9575
5874
6311
4377
83
2393
550
115
8520
4009
5676
6425
783
1431
3699
4237
8529
3673
5135
7452
958
2707
6175
4761
6552
4284
3223
1589
3749
788
9957
1421
4828
211
2145
7652
4445
15
8591
183
6778
6322
587
1720
9861
8000
9326
409
757
9989
5854
1345
5485
8344
3717
1296
9507
6474
2904
1216
5438
7615
9401
1789
1119
6110
6776
4497
6912
9228
486
6495
2041
1848
7692
1513
170
8734
798
7393
1168
2152
9601
6717
6295
7408
4076
1567
9779
1744
6421
9221
5439
3011
6220
9475
1152
9670
9005
6256
9433
4249
9093
8223
7339
2965
4687
5037
5819
7809
4116
9196
8987
2879
2361
8327
9753
4967
6017
929
2716
3267
2416
636
7242
2711
9335
6098
2468
3576
4183
841
3614
7843
1486
8534
3692
7391
8515
7950
1962
3757
2796
7787
2797
2340
2923
1098
6459
8448
7343
7633
9056
9224
4302
2709
2090
1186
2537
2121
9413
2182
1321
9998
8583
10
9016
5360
4908
9329
1635
5479
8194
2615
3219
1662
970
317
7190
9850
8094
9522
5303
3614
6490
6006
989
8706
2051
4272
3404
4893
2761
3241
5904
2063
300
1562
8268
3678
1862
8754
1629
8364
6810
2962
8275
7494
6481
6022
1102
5562
3079
2875
5129
931
8166
680
5994
7436
4930
9162
2066
3341
1213
593
385
5584
5613
9236
459
834
8784
7834
2046
887
8055
1505
8816
1958
3622
9561
7724
8048
497
8572
5199
759
2619
1471
5411
8366
8419
9013
8816
7092
384
4540
8272
3012
7931
5668
8222
7913
9590
5815
5948
1321
4828
986
7570
764
8206
1245
4154
1098
548
2167
5342
3092
94
3261
915
6085
6526
5642
5227
9775
2468
2836
4757
8216
1320
6370
6280
5075
330
1443
2
4684
6103
6915
5393
9443
9022
4719
2463
9553
6169
204
1168
717
3089
3370
5790
103
5665
8918
7029
506
4798
8530
8866
8130
9618
4482
2231
4620
874
7287
4680
2630
7689
1108
3877
8909
9216
46
4843
4308
9382
1987
5024
888
5339
4083
5124
7277
4844
5881
6877
4058
1617
3555
6694
3001
8109
1054
8810
9818
8389
5874
9021
3214
6712
9923
1889
6902
7523
1689
2866
7733
9871
5817
4708
7318
1899
8628
3302
4792
7613
1443
4360
6793
3840
6948
8596
1576
3499
3703
4866
1871
7592
26
7591
7681
2613
406
8396
2762
9408
3647
6638
5601
4556
4012
3138
3490
6550
6772
9883
8001
5977
8464
3760
3935
2974
3735
4108
9563
4189
4063
6521
2837
2876
5154
5629
228
9170
2632
9412
7690
720
4302
2627
7213
2820
5092
486
1423
3550
3058
2972
7914
6848
7120
2803
131
2957
817
4485
4184
7040
1276
8320
2033
4997
8905
4408
4563
5596
2908
835
7239
5521
2345
473
7723
4544
3475
7514
5680
1845
7471
4996
6018
6058
4320
6266
1959
9726
536
924
4595
2262
6300
9920
6974
6823
2299
7365
7217
6883
9632
4772
3174
2940
7585
2764
8258
3693
8160
405
6004
9717
343
9949
6304
3749
3444
1098
268
5502
7410
1806
5507
5354
7597
8509
969
2510
9168
4579
5181
2284
8867
8619
4129
2286
3676
6172
3022
4152
7141
8842
9261
2631
6880
5032
3558
6998
8669
3117
2104
4658
409
5920
6613
4844
2950
5031
6272
9505
3725
9845
9791
5098
3071
4034
7440
5298
4725
6236
9088
6862
3485
6014
9130
1703
6284
4387
2103
5324
2976
5652
5153
1458
3766
9885
3861
6170
7087
4595
8679
1883
2942
9556
2089
7019
9683
7877
6929
5301
7208
6165
3966
5609
6419
9551
9183
7556
7481
5776
8847
1227
5032
3974
9651
2775
4525
2204
4494
813
8744
5676
4459
9977
1355
5872
7229
209
7893
5917
9133
4381
6302
6575
2378
2097
2857
1585
5687
1508
8399
4950
1531
3566
4661
2206
1691
5082
7138
7625
9656
2698
1040
8768
2623
8950
1596
9181
1231
2386
5249
6965
4688
4984
9839
6192
6313
702
7129
51
3032
4846
2534
9434
6360
7781
981
3826
4751
991
4110
8823
2670
8248
6395
232
4170
3819
3847
4118
567
8465
4587
7269
8020
7302
3728
2829
6588
2029
31
5819
4939
6577
3174
6081
1034
714
9290
2937
1936
4095
4375
7832
4382
5927
7262
6742
1926
2570
3028
3775
4624
847
8065
798
4567
9950
6186
2486
9677
1556
1898
500
5844
6957
6444
7785
4559
4315
4422
3949
3933
6111
2486
3994
5394
8490
1558
7687
890
6222
8908
8257
1712
3788
5200
4250
7293
277
9524
1674
8774
2448
3052
7683
4760
7415
123
9215
8756
492
7056
9388
5141
5638
8831
7703
5872
9475
6854
918
7747
9114
2102
4204
7836
3315
6309
7054
6644
232
1599
5696
1949
4041
4680
8480
9370
9678
8303
6636
507
8799
805
3114
1235
1816
4637
8978
3254
9314
212
8049
2430
2665
2249
2025
7083
5797
1180
1240
279
5375
1063
6537
892
6383
9488
3593
9606
8188
9867
4993
7175
6718
9174
5566
887
4329
7084
8387
1342
1082
4902
5637
3755
9905
9376
5378
7776
3141
3125
7657
6788
627
7800
8767
1244
8878
4427
5248
4850
9772
1252
4488
142
8358
2137
5337
6861
2763
4776
5505
2893
444
7598
1253
5798
1447
2937
5823
7352
7788
7060
8082
8909
4273
1437
2642
1284
3808
3672
5547
3421
6199
8945
6757
966
8691
2140
2019
9632
412
7877
6051
9060
4945
5053
621
2138
7603
6261
6376
6662
1281
4811
9580
1053
1560
7598
6534
3965
1352
2540
5295
578
2040
6601
7754
4658
9209
1487
8866
1813
1803
6478
4223
1149
6302
7864
3832
7209
2727
8292
5354
781
7119
2372
9827
1072
4175
4842
9444
7558
2727
4447
7602
9571
1313
8593
9863
5287
853
2076
4193
5676
136
8244
5859
8907
1452
8338
2161
292
8952
3927
6642
4628
5043
8158
954
8903
8729
9098
132
3873
42
2788
8514
2870
622
3984
6091
8397
8325
7037
696
2340
3571
3012
9687
1743
4683
7810
230
8030
409
3318
5559
9627
3725
6786
9140
7266
3406
5341
1820
9035
8826
7617
9720
7023
7894
6464
9054
8227
9209
7863
5240
2650
5894
9274
2674
9912
8092
3961
1621
2541
4787
4576
2343
741
2930
9588
2881
3098
9995
6754
9968
7499
164
5949
9943
5313
6287
435
8345
5261
1176
8751
1604
9196
610
4593
5447
155
910
2000
8689
5655
164
3249
5732
2532
2118
2239
7608
4004
4269
7716
5647
4438
6640
8855
4915
4597
2341
3771
242
1450
4121
6354
6516
8422
2192
2778
4843
7870
4645
7484
7100
1326
4729
6051
9517
3392
8124
73
2963
131
4346
3477
104
91
6330
2471
2337
5217
427
9358
1352
7384
9150
6312
1924
3018
8346
4211
2522
8445
5615
5642
5870
8956
9249
4771
3237
5678
2037
839
1326
6110
5208
9304
5564
8331
5188
9436
4280
907
9719
4621
4048
3755
280
3291
7170
3709
5260
8030
2059
9838
1144
7390
7689
7805
4360
9542
429
5799
217
6403
4541
8664
8514
2771
9329
4215
9640
767
980
618
3625
4942
5241
6556
4057
6133
3020
2553
9843
1967
9340
9795
8350
8780
9408
8345
9391
9130
5003
8661
2274
7802
6247
5506
1114
5714
9176
1542
8847
1598
5543
1523
903
1445
2450
2905
9985
7752
1798
9652
257
7774
7102
2434
7799
4317
5381
3969
7703
4843
7184
7983
1703
6605
2748
891
8147
9906
4662
5569
2498
6623
7035
4990
1895
6295
431
8877
1687
1822
6663
644
4571
244
6012
9397
3491
4868
4817
7590
3222
6302
9342
1431
3601
4511
1552
7319
8241
9273
702
9549
5204
1790
9816
6724
4328
9445
1727
6693
2091
605
578
114
8324
4420
13
54
5359
2556
2114
6981
4146
748
2931
8589
6962
8625
3202
8030
5795
5917
932
7835
4676
2125
3504
3242
2138
2450
1134
9913
5357
3833
9838
4402
3899
3183
1503
245
1986
2112
7464
6604
7137
2953
9089
5642
1715
9766
7455
8969
8957
227
8406
5144
2359
887
6616
1851
6363
9056
1143
5161
4695
7418
2281
7161
2946
1040
2493
8598
4333
9005
9162
8213
6873
2677
9908
6183
6398
2504
6522
1926
4304
3420
5030
2994
3250
9326
6487
3870
2213
4592
6488
6581
1974
3187
733
243
4353
556
3913
7443
1712
210
5043
3275
752
5204
3704
8057
5387
7296
6843
7651
3999
5553
8855
8755
613
2658
6558
9056
6105
3616
7369
6090
5612
1366
7747
9456
5076
3018
5095
6262
6739
4411
6426
8733
6882
8857
4762
4055
5414
1610
2663
89
8666
2333
4301
4433
6053
2779
8018
3107
9980
1454
7711
3861
2795
7825
7847
665
7765
1509
3815
3230
1196
2677
6964
490
3671
9268
1710
6058
1711
6098
8544
4528
8550
3677
9404
5457
8965
4197
2919
3034
4266
1881
2278
8684
5328
1241
8836
6706
2764
4525
9793
9728
641
9233
7538
4335
2735
5336
6684
4
9996
604
1292
3471
3373
7207
3927
8352
7795
1489
7025
54
7784
1712
4483
9351
3426
8245
9403
900
1544
8236
7208
778
5972
7813
9587
1724
4877
5628
9556
6793
767
4782
9727
4665
2770
4212
9669
8709
8887
5339
5138
9075
4643
5647
1910
4460
2139
6633
2453
744
7942
7974
4190
8607
3898
2611
4007
7480
438
464
7643
446
9472
3627
8473
4856
4926
4917
5636
7274
6764
6019
8575
8079
3556
2415
3936
6883
3160
1404
7067
7802
9812
7021
6041
3575
5517
5397
4035
2950
4020
5932
8125
9987
6209
2238
7243
6244
2155
4771
8257
2968
7966
293
2201
7944
1792
115
2802
6879
9549
4920
4205
5836
615
4970
3826
8903
5471
6068
2383
9753
5264
1404
2680
3890
9840
792
1116
6468
8138
3414
9593
8053
9025
6505
8146
7018
892
1013
5166
944
6238
7398
3589
7601
6734
4734
1031
8114
799
8671
8793
7888
3994
693
1068
9900
6680
6335
8095
1250
1389
4211
6123
796
9852
7538
3009
3853
1636
317
6258
147
8388
6902
9561
2470
3681
4039
8523
300
288
9522
8998
7444
5095
6972
7950
7688
5868
5972
8071
6459
1266
6020
1767
407
389
8274
3972
6351
9926
1530
8609
1743
7761
7326
4135
8379
1067
4197
9504
5365
2049
6552
9058
4545
1419
2691
769
8172
6223
8238
9769
3977
7295
7723
5574
8764
8449
8762
2870
8268
6242
4186
8662
4349
1406
5616
7180
6572
5082
7353
9797
3358
2525
8577
3757
1957
19
7582
2720
9940
1515
4062
6129
976
5446
6033
3095
7579
7635
8125
315
7575
5122
2691
203
21
9040
6108
9899
573
9730
5029
2207
9781
8777
3147
1447
1585
7721
6679
1282
7121
7136
7741
1783
9360
5708
9476
6279
4670
5644
7872
1429
301
8678
6121
4471
3282
4974
5564
358
6990
2087
618
6207
9765
8049
5731
3505
1130
1315
2729
2765
2278
3182
8411
8609
6431
7152
4859
9325
3025
524
1116
8270
3862
4351
9055
6223
8866
1601
4919
5433
2442
1913
6090
7674
2076
6620
4504
6813
755
6469
4190
1413
9569
9859
3605
3738
4584
2409
9677
9826
5562
5640
9221
8960
6912
7172
6595
9692
8709
5209
7784
722
1293
7323
9895
910
346
9844
2186
4541
9220
5362
4319
834
9718
2571
5154
838
1661
2426
395
6114
6135
631
3303
5854
2019
6187
1356
9441
2853
5555
147
9535
4044
3440
228
5759
1741
5650
3003
7399
2729
4387
3314
2912
5828
9352
5139
5969
1103
5171
3464
7072
3244
8141
447
1315
935
3378
6272
4990
4774
7342
2789
6139
5892
1510
9639
7817
1997
6183
1607
7735
6549
3356
4800
6126
9061
5092
5798
5615
8018
5446
3741
3621
4988
3924
7273
8915
5729
4660
7099
9178
2191
2213
2098
2077
5022
7664
9000
7876
9492
5711
8928
323
4975
1339
9773
728
2864
1824
9314
1181
5089
7529
3880
7994
6945
8090
977
6221
1845
1935
1737
4672
2141
4163
9566
1466
7659
8087
3187
9162
8181
7951
693
3547
4587
542
4897
3914
8139
2609
6313
7293
9399
1003
5786
848
392
7155
7231
8698
4527
245
9770
620
8554
7696
3670
6999
6836
3061
9175
1049
6396
9438
7551
1066
3234
7966
3223
5763
3239
3973
8157
4462
3336
8185
1960
8502
2347
898
7324
6180
5151
7683
1074
40
4926
6537
8432
3550
9466
2576
8676
1118
8810
3953
1472
3730
9797
6441
1805
2680
9919
1794
1847
2309
5277
902
1770
324
7831
7539
3097
8949
9213
2543
6315
8199
9502
6828
766
1214
2385
1599
4663
6591
8537
3499
4337
8528
5705
8323
9417
5073
9682
6626
4315
4372
3750
7331
1884
5045
3178
2985
1487
2979
1796
900
4543
1304
6213
9593
6795
5231
6580
2885
7779
7657
6081
9672
8833
964
7141
8760
3013
9987
7311
4266
254
5527
1251
9701
9267
2722
1839
7122
6015
8601
2497
9064
8365
9371
886
4524
7414
1816
4141
4312
4619
5011
4306
1998
3849
455
5841
6855
1671
5271
3322
135
6439
439
8391
4151
9388
7546
4765
3672
2423
2263
8640
393
141
357
7834
3487
8511
5971
9638
6530
4066
8462
5951
4623
9107
6938
6114
2533
3639
2292
5151
9335
7146
8936
6025
5892
416
9080
2851
8735
5570
1451
8683
8239
4574
746
3595
4996
5135
6090
6659
1181
4205
9411
7435
8583
1030
18
3873
2693
611
4433
7593
4173
8983
2577
4743
5748
2235
1741
6213
5882
2558
4022
1850
1617
9083
8036
7120
5778
3257
4886
1079
1520
4180
6820
8230
6566
7470
4557
4214
3939
6904
9630
41
7037
6827
7206
2264
6688
9920
805
1746
4618
6875
1102
7553
3644
357
7999
7697
6854
3502
8229
5324
7829
6074
2257
2391
8251
7420
1492
4408
5334
305
6863
2653
7652
625
9818
5845
6600
7673
7044
8156
4206
4153
970
2416
4474
5626
1643
2269
488
4864
4870
5707
1495
5283
3058
2948
8779
612
7070
2596
3253
9523
2267
6619
8390
8474
9675
6605
1380
6484
702
5852
6243
537
8554
4629
9666
9632
7729
7550
2561
4133
7860
6614
3461
153
2430
2812
5040
9651
6013
3379
6589
1219
8975
9954
1687
8464
9477
4866
5343
7487
9363
6035
842
7082
8369
945
3046
5975
8219
3091
8239
6104
1198
6936
1465
801
7050
6513
4796
4070
6900
4848
1273
4919
4594
753
196
4102
3360
7270
3058
4629
7058
5248
2401
6436
1766
5977
348
3942
7124
5012
5596
3803
8536
8748
3585
6410
7913
1985
790
3654
2757
8665
8529
8910
6200
347
8171
1255
4944
5345
9031
2
8995
8218
980
3067
6765
9041
954
8116
2153
2414
9153
9520
7321
1712
7750
8438
1106
3913
2095
7804
6374
4346
2178
9889
7615
9250
3817
1529
2511
3052
8657
9138
9890
6799
4118
8785
7287
7378
6511
5952
3526
1126
4331
5993
6622
1377
2093
6382
9110
3563
8829
5686
5960
869
3366
3422
6660
3003
1967
9712
7355
9857
1711
4643
2871
1243
7189
2536
9805
6825
2488
6336
8881
3667
3113
2440
5450
4567
7485
9135
8281
5082
5411
8539
4661
4348
3478
8059
3677
277
4147
6542
6836
3584
4397
6423
4856
1889
6272
571
3485
7247
8255
4833
9016
8001
6464
4626
8327
5755
2464
7922
3162
4242
286
6906
861
6142
9592
2582
894
8622
6645
2294
5293
5775
8128
6149
7810
7268
5690
4368
1130
8937
5414
6508
4825
2681
3755
4160
6853
6312
36
3432
4847
7460
2801
4868
9715
7954
228
8700
6483
2826
741
6251
1886
4948
8715
8149
4145
3187
2588
8756
5289
437
9022
5450
6340
413
8775
7983
6737
8794
344
9482
9666
3244
2149
3761
132
1894
4355
9919
6113
7106
5145
3441
2527
9417
2353
8193
740
7444
5645
7353
5435
982
6771
2605
5232
9822
820
5646
1911
4205
9711
1037
2806
4831
4841
1337
2146
7175
208
1335
153
3107
8119
5504
5351
9794
9784
834
9573
4589
2276
919
2338
3883
4749
6709
4396
908
5431
6165
9532
1951
2083
2015
9231
9272
2642
8297
5602
7749
4875
7072
7187
7060
4019
6892
5155
4335
9148
2722
8729
3080
1311
2566
9450
2931
6035
2369
3488
5776
3603
5923
4554
6719
8426
8190
9722
6914
8634
2087
8778
5052
654
4996
1335
4044
4121
1976
5218
2111
1224
8194
4126
9371
2418
8248
9149
2984
5603
5372
6828
6250
1092
3062
6208
4782
6681
3031
499
7220
4284
8350
9599
1383
3789
1658
1425
8724
5860
7131
3620
3426
7691
3167
864
6192
9167
9689
2745
5508
1730
2085
6266
6787
2194
4390
46
2510
5290
6032
1186
1974
6418
6807
6921
4710
2281
696
5776
1648
8041
4410
2491
9018
588
7690
4077
5429
8357
5467
8573
315
7816
9579
5611
6267
3355
8189
5707
4689
3580
9975
9776
4686
7641
1106
7489
9401
3390
4211
8288
3859
9401
7340
1141
9825
7812
3142
1727
1567
678
7524
9933
2689
8500
709
4851
569
8020
1629
1654
4918
3510
7762
6695
7100
4600
3988
5880
7716
5297
2597
182
3223
2662
7118
2950
4445
159
3485
7954
2544
8509
6607
4270
9657
2855
3698
7041
4195
8679
6498
8652
6191
4253
4734
5425
5211
6090
3199
742
6239
5048
5209
6406
7115
1049
8769
7406
4202
9650
9854
7719
8876
3492
9815
629
9113
6880
1393
2828
2473
6851
9243
3829
6887
3658
3171
2598
275
921
831
8470
3073
8802
2941
4695
1329
2364
700
2211
1805
1275
796
7367
1737
7467
2852
6008
6305
5516
9996
3490
4250
1541
4586
1209
723
628
6723
8185
3169
3638
550
8816
6622
9307
3558
4911
2797
6068
9933
6091
8908
7899
8126
595
5288
7012
4284
3590
9863
3226
1250
2650
9750
4893
9982
8389
9669
2863
6921
6769
1064
8548
3765
4911
518
8865
6676
6407
8815
7460
3740
7583
8591
1047
7056
547
5665
3897
153
9543
166
875
4882
3771
921
3107
682
2379
2975
5568
9410
188
5239
3056
471
2976
1867
8618
1019
8968
1316
3840
8400
1250
2304
87
2795
6801
6050
4275
771
5607
5583
8524
1294
5221
3191
2730
141
4903
8643
8625
2108
9317
8555
8952
7595
1426
50
7298
8122
117
7433
41
8784
1254
806
656
4212
1848
7873
6864
1149
7451
6065
5318
2466
288
4948
4777
8539
198
7824
3222
368
5707
4091
2030
53
8131
1031
217
9104
4856
4856
3144
2497
9086
440
3865
1771
4164
3545
764
7112
3007
318
5478
8665
2867
4839
2547
338
8897
6721
57
5678
5737
9526
1133
1643
4737
1132
24
2236
688
7354
3773
3548
9781
2191
3544
8116
1811
2848
4210
6043
698
7060
9077
8221
9752
9137
9635
5122
5619
143
1552
1020
9711
3812
8817
8757
5313
5693
5169
5641
7520
4535
6967
3624
499
4702
3404
3906
4327
2231
4607
2939
1697
5976
3755
6918
4119
9427
1857
8620
1764
7608
5267
8907
4822
3872
7403
2220
1845
7729
1722
814
1098
2867
7628
3522
7211
4663
8676
6883
817
7891
6234
4887
2738
9530
3424
9485
9152
7410
1022
1341
6505
6602
7789
2565
4928
7430
2601
1257
6310
6373
9349
929
3254
7927
564
2203
2211
4418
3535
1868
3614
3926
3008
4084
7816
5784
7011
2479
8621
9554
8006
4755
8301
432
1104
6465
1160
4683
5574
7044
6801
5202
725
9099
3649
6416
9823
9402
4972
3067
8319
5293
2275
4746
7118
1368
864
32
6545
6769
8796
2599
1329
1074
7125
3055
4821
8614
1545
8696
2176
3297
7445
6020
7236
6973
1950
2424
3368
9483
3408
6425
3484
3526
8142
8121
3583
5052
986
565
7477
8169
8996
9632
6236
6274
4454
8555
6916
3866
3270
8785
7606
3270
9724
4694
9057
5436
7209
4467
1294
1608
3873
1415
4274
7773
6568
6416
7710
9746
8630
1982
3795
5259
6940
4495
7795
6049
3216
8973
2111
8922
5600
1170
1026
3374
6428
2728
9137
5425
3202
9617
3962
1333
4837
359
5265
3963
5013
726
1783
2937
4579
2880
3764
6151
9392
3102
1286
4785
6348
4524
7199
9260
9242
4174
5468
6715
880
17
1440
4860
5310
1326
9027
2617
8832
625
2768
6022
6029
8547
246
1763
573
8890
4546
5060
1129
9545
5497
4865
9372
8008
7369
179
4408
3388
2339
5773
4446
9889
4042
4641
226
1890
202
3893
378
1595
5045
5035
7351
3220
1711
5151
8633
4435
9418
6252
8121
6993
8155
1645
3714
7882
6365
8040
7443
6291
7400
5863
5633
5670
8525
2332
8645
8833
4584
7597
6638
4093
4108
3147
8683
9609
8373
8588
2212
7297
2449
8534
5774
9201
9519
6934
9267
7410
204
2204
8348
8338
7876
3790
2381
3442
687
8754
3367
1065
8638
6300
9783
3702
8912
2399
320
2557
274
3559
7738
3245
3800
6413
1598
1898
2748
5814
3422
219
5554
3356
9289
2718
9681
3654
870
7009
1697
633
1950
9715
8861
7633
7898
6914
4851
1153
119
6186
3167
9168
4194
6277
4736
4006
7541
69
3661
5574
6674
1250
9205
3897
9450
8032
1450
6942
8806
4243
8429
5918
1251
3788
5579
5897
3740
695
8050
2860
1184
1390
220
4653
8549
2498
859
9784
643
6380
6779
2491
886
7590
6660
4572
2499
8071
3731
2875
452
2480
4105
8242
4689
2556
4703
6501
4272
6205
7266
2465
1171
9680
4980
249
8904
7115
8575
9478
5001
9947
9596
2335
1943
2141
485
1356
2644
9182
9443
7480
6681
5594
8554
3335
9433
2627
8656
3820
4100
2484
9673
931
3736
2434
3338
7033
5099
897
2388
820
4947
3797
4762
4457
1655
4616
7024
903
2418
6230
5913
4774
3848
2633
5774
5923
6720
4592
1115
7604
2048
9538
7834
1331
4885
1189
3722
1331
9372
5290
2703
6181
4143
5273
1160
2564
6397
1594
1718
6974
7669
4629
2380
4870
6670
8422
4964
3786
4270
6688
1726
5241
8542
3564
2436
1241
9258
8012
5245
93
9003
597
4670
8222
8712
5220
8684
4521
6016
1105
2189
1147
6860
4045
567
2657
6886
1457
5534
5567
8925
7919
5683
8640
3230
8134
9678
8496
4163
899
5769
5216
6856
9932
8224
8046
8733
7639
580
216
4418
6078
9399
6828
3527
8275
2433
85
9159
694
7174
6574
9607
7017
5546
5186
6273
2114
9315
618
1401
3701
5585
4952
7803
8414
4617
6786
4309
5050
4163
1797
4873
9395
9880
3313
6083
4588
3830
8017
9833
9878
6069
7853
7816
1606
4924
1827
448
7197
8726
6336
7204
8312
1014
5889
1095
4858
9557
232
4208
6331
2789
2733
2179
202
4979
4229
9461
8550
7191
4916
6652
1982
9925
355
2769
9660
2205
6724
1197
9522
191
3091
7716
1838
9895
3292
7799
3962
3556
8219
6368
2149
6870
8063
7751
554
5419
8959
6138
1425
5169
7347
9739
5484
8099
8728
2051
4532
6118
4458
9645
865
2662
467
4807
9811
161
486
614
943
3286
3097
3090
4147
6588
9408
626
414
8161
9299
5286
1148
7103
5334
2384
4154
6543
6160
1112
6556
8473
6686
585
6152
4422
8895
2111
4857
7561
9994
826
8019
8351
6655
1350
4017
4852
4256
2660
2168
2002
8221
3693
8746
4006
5040
2586
5644
136
3679
5043
8598
1156
5092
5659
7896
9830
6213
8456
4538
8763
9561
4546
9993
7918
7187
6126
5423
6975
5057
6729
4413
6581
8468
7332
4775
7345
9131
5323
4995
2329
1211
3803
4586
8869
2052
3572
5741
1364
3439
4450
583
561
7250
2356
3786
6308
6831
8937
5384
3784
6265
5310
1763
743
5759
1633
4705
8410
2232
2070
3933
359
6165
3879
2281
5048
7399
9755
2368
7271
1859
2233
8614
2437
2117
2480
125
8438
4626
5248
356
8147
7223
5857
1712
3833
4288
2985
5846
3444
150
5425
3273
5904
688
9381
2149
5587
9092
4772
8499
4539
837
7010
3025
9829
8552
734
8332
3781
9578
3473
8518
4062
6095
3744
6018
6750
4099
8172
28
7770
7652
2233
917
1211
2996
578
4991
8768
3548
2072
4470
2848
9638
9118
181
8095
703
6088
5970
2580
2234
276
7513
9831
6308
6402
4724
4068
5509
5835
608
2130
8657
5333
2384
2511
8049
7567
6093
2465
5806
2688
8562
4122
7933
189
6183
7130
8995
6086
6648
3144
4285
6329
7391
7172
9066
4339
3591
8140
9574
6659
2760
2733
8283
6430
9940
7364
7458
169
5364
9275
5358
1187
2146
9985
3830
3140
4841
9288
5863
683
8578
7954
5357
8659
9757
3101
7229
6125
1182
618
87
2905
5547
6647
5193
1632
4174
5729
3321
6745
1360
6104
19
3496
5390
3549
1584
7496
8377
4232
2034
9817
9582
9855
2850
8678
8743
290
6822
2512
1219
2922
2932
497
2818
7183
903
2438
9518
727
1371
7850
6122
2128
4330
8097
3102
1302
7773
3650
9360
4708
1277
1291
6653
4463
8722
805
8865
2408
933
4945
3198
1362
4187
3109
1456
3870
137
4340
2285
1267
1562
4305
5764
2025
6462
9902
4550
2436
468
2067
5582
4916
7436
6202
6495
3231
7396
9661
6321
8945
1433
4398
8598
8844
4305
8605
6469
821
4078
1663
9302
763
3149
7341
3907
9773
5084
4275
6448
6671
5001
7158
4246
723
9479
2707
2524
6616
2486
136
7467
2104
7580
5450
1978
317
715
940
3447
6387
6698
5507
6220
2285
9810
2327
3498
5962
9854
2652
6828
6546
7339
2676
5559
7459
4654
5617
8018
5480
7873
1024
7402
8823
2851
4035
3413
5215
8880
5176
5182
4713
804
8685
2320
8684
9643
6495
5929
1183
1331
7595
1274
8024
9611
6721
6156
5054
6880
8726
6428
8987
58
8894
5620
3122
9864
64
9506
367
9271
9100
7788
6504
5030
7890
7750
2799
7192
4444
6128
8361
5943
9902
9345
9339
5664
5750
4601
681
478
5219
4489
6182
7977
2554
7206
5753
3388
3063
7434
4411
8990
6728
8491
3931
3195
750
3293
1366
4960
641
7802
995
6441
1114
9187
830
5219
1699
1173
5446
6979
1105
1840
2705
8669
8107
5910
8844
9275
4612
7207
1963
3934
5031
9074
8314
38
708
6197
4505
8156
1226
6182
2154
6054
5874
5865
4864
8409
4559
3572
5285
5286
9283
4690
9916
5400
5331
2737
1116
4847
2541
1939
6036
2077
6870
8209
8115
7641
8964
9780
1815
936
5889
4771
9014
948
1346
1451
8336
9668
1711
9744
1768
9734
8108
7515
1722
7325
9936
8187
2114
6447
8586
423
256
3472
6494
5759
1955
277
3275
6366
4502
2269
5709
3645
8745
8318
5683
1619
2113
1208
1239
7717
8886
2203
2738
4968
5662
5881
5977
8078
6724
9215
4599
953
1313
2633
8590
9422
5230
9585
6700
5632
7212
5575
7554
6374
3703
4598
3611
6116
4798
7542
5216
9244
1362
7732
5447
9976
4325
7022
6211
9494
7308
9867
3212
8002
9414
9582
5919
298
8102
8512
1593
6902
4374
8194
5331
9919
3524
1743
5952
8444
6235
7055
8500
5274
5716
9994
9606
3651
4144
1893
3987
3770
713
402
4639
9014
9994
1724
2185
2785
693
3325
2922
1423
817
7829
9761
6960
5566
6325
658
3561
7586
2981
3734
8736
8606
1082
2523
5984
6650
1413
5316
4930
1065
8912
1985
3332
8831
3113
9766
3113
5052
6533
4250
8390
3891
3738
6513
5436
7957
4414
5466
5337
2421
7375
5853
716
3210
3520
1220
679
1403
5371
2165
3828
2316
1432
9160
822
4026
6607
1662
7485
8096
2811
2666
9515
7422
837
5052
3763
3034
7267
8908
7495
1042
9419
9045
5678
3044
4943
1429
4771
1554
6162
497
2389
8536
9387
4016
1029
1275
4990
9096
2220
2556
3813
9742
7391
8027
9402
7495
2094
862
4193
9864
4645
3571
7181
3643
218
3708
3457
2975
2260
959
6842
2418
7244
8052
4232
9439
7093
2618
1378
7059
5727
3428
2735
3790
265
8049
2316
990
3453
7995
8434
3109
4893
3088
1724
724
6147
9701
2941
7726
7691
7812
5680
356
3528
8127
4507
6531
6109
7182
3828
9913
6482
7700
2239
9140
2146
1299
1406
7868
7262
7655
5945
1310
2240
455
9570
5401
7739
2588
122
7489
3236
9878
3810
4221
9133
6048
7126
6022
3884
539
7118
4125
9520
8167
8780
3443
4782
9022
6975
483
2501
9433
8066
1928
5255
6318
8945
546
6157
1813
1777
2559
5865
9601
5296
1296
4842
755
3391
5513
3351
1198
581
876
8799
9528
9345
1514
4608
1271
5813
5946
891
5225
9391
9805
4775
1451
6949
7086
2710
5618
4862
8565
639
2654
9856
5731
3798
6411
6615
7447
9968
3132
1255
741
7766
1858
5396
4053
1218
5850
704
8131
6437
5571
2930
5851
8729
2629
2765
5085
4676
6918
1458
6756
2968
5999
8359
2349
2184
9140
7563
2438
8398
5841
2176
9939
508
7234
8884
9003
6932
9521
9693
1951
6007
7080
6195
1714
6216
9141
4317
3639
6413
218
6677
3366
5568
516
4031
769
9663
902
9368
3715
3643
7732
5681
9885
8254
3345
8928
6917
5080
4184
9070
2584
7669
8506
8132
3878
4083
3459
4156
6232
1388
8988
2736
9182
2799
8956
3829
9341
6887
8986
6669
4603
9590
9563
8686
993
1743
3121
4859
8580
2891
6398
6576
5337
3846
7879
9669
402
8872
7986
4617
8297
9178
1235
5264
5334
3362
1873
1775
2137
1381
6489
622
785
6538
7927
4623
6927
6100
9381
8368
3983
5359
9081
9125
5833
7748
9498
3503
6752
3054
4810
6820
370
6941
5366
8597
5143
2922
6199
7526
2642
6174
2879
6587
2274
2738
7480
2734
9613
7751
5179
1151
1828
4045
6169
1130
9800
4347
4883
453
4960
8244
6547
1550
366
3877
8286
6753
5251
6667
5084
2372
9641
1413
7300
6653
2657
296
8729
4628
7662
6324
5677
6774
423
876
2399
7894
8142
9052
3733
7976
7189
2603
7097
6963
3124
9556
2462
6833
5653
4203
6621
9438
3314
4721
7325
5207
69
1047
5367
3101
5988
695
5823
9154
9919
8296
3772
1383
3591
8891
6127
9190
1968
3677
3926
4413
3043
7918
4704
4936
1128
7201
6
7055
4076
6283
7109
4908
8409
2433
1556
8094
1106
366
3242
156
2268
7237
5340
2281
4475
1452
5283
4642
86
2519
6863
8293
2841
3754
5284
7740
8735
8323
8605
1579
8524
3185
5637
8731
7624
1513
734
8419
8944
7731
1302
9474
460
7678
7708
6896
8943
933
144
1038
949
384
8328
8555
2182
2038
8016
2612
9801
1995
1204
4643
9941
7598
9877
8799
3234
1806
3584
5198
7157
1146
168
7333
4438
761
188
4653
2183
4946
6397
2091
7743
9284
1747
9908
5204
5630
9105
19
6654
3066
3276
7493
894
2920
3613
2487
9074
985
2182
8757
2357
9988
7593
270
6913
9306
2429
2219
3120
1998
4393
6393
1077
5675
145
3267
7703
8578
5615
6229
2343
6271
1583
6733
469
577
1022
9095
9491
2294
5748
7146
3899
42
966
3964
1012
7300
3971
3396
7236
9153
7457
9284
9059
5563
8843
1940
32
4185
8960
4033
2116
5785
8407
5100
4802
6327
6976
1366
1246
8061
9846
4805
9278
6349
2521
7534
1178
4828
8512
3393
22
3076
2031
1271
1504
5382
4854
1197
2057
3439
660
9606
5005
3217
9695
9572
4367
3997
5527
4632
7517
3556
5020
6628
7226
2506
7657
5335
2332
6601
6432
6603
8180
9757
5435
5248
3134
4830
5822
1917
10
5262
7027
2092
184
2670
1803
5869
9259
6253
6028
1157
1596
4242
5402
6835
2534
6832
4820
6896
5239
8677
2540
8296
6824
8940
4442
5524
3329
1293
8409
3703
5044
4821
4702
2775
8844
732
1698
3649
3513
2759
6728
1571
7246
1910
505
3239
4468
9682
1434
4372
5332
9673
4211
2794
5716
4439
4724
5064
118
1188
2055
8023
137
1439
1978
3119
2219
8019
7914
9244
346
5467
3256
1633
9141
5098
9114
2752
7888
9713
7350
8376
4643
6460
9606
8146
895
571
463
2334
288
5691
9320
145
2366
5135
1628
3306
7611
2800
1421
1178
1485
9913
3047
4765
6211
1459
2345
73
5315
9649
3604
4093
7876
4447
3228
6837
2276
5438
528
9039
285
144
2538
1254
4250
7895
846
6133
4347
9202
5053
6920
6207
7053
7906
6550
1189
7750
511
4166
8109
4448
7542
4042
1183
6172
5115
7647
9312
626
1019
3860
6268
9538
4063
2585
977
5175
5248
2518
8762
6670
4003
1534
1653
3963
1817
8472
9768
9679
3450
7375
2879
2145
7092
8531
1724
944
8930
8109
6521
8468
6488
8486
8872
1431
7182
8921
7679
4467
7083
2690
4720
1717
8948
4709
2512
4134
3265
7126
789
3378
6055
3920
5057
1416
3811
7676
6958
1134
6191
3949
784
7823
2253
4320
272
3672
2087
3660
1663
3135
4161
2795
4410
3071
7368
8120
7171
6735
3121
2779
3579
9820
1783
8914
4873
2286
6591
4164
6681
1072
3592
2927
3007
6233
2579
3242
3133
6875
6340
1163
1178
1535
4667
8934
639
8677
4870
2003
9967
4697
5164
9951
5727
5777
2801
9139
398
2308
5427
6248
3118
8824
2324
6425
4355
3192
7613
9343
9054
6137
298
659
4435
4100
4536
528
6060
4999
4752
7198
8633
7307
8734
4415
5280
7474
8400
2440
9785
3121
246
7493
9778
5498
8951
2420
5144
8925
7618
2020
4733
3560
1248
979
6412
3553
5994
7510
6419
6150
9873
7186
1146
2232
9718
8952
9153
8472
519
9696
114
7576
1353
6307
7028
2312
6210
1183
1903
2526
7174
9734
9332
4854
6427
3028
4116
7681
9490
7969
4424
711
2003
8413
4542
3896
8578
2354
2523
4010
220
2134
8531
3774
3609
747
224
2059
3946
784
8172
1177
8009
1232
1447
6126
9595
5659
6485
6816
6834
5450
139
952
6863
3597
8423
5967
1831
5985
362
5883
6386
6633
8429
1593
244
5245
113
1965
2948
6736
6413
2241
3446
3059
7926
2530
9849
7811
2044
4648
2891
9160
1415
4182
1177
2600
5033
5102
4110
4291
4331
5742
3467
8842
3881
7514
3496
276
9168
5439
9830
7393
4640
4049
9944
1285
3360
8710
6341
5063
8277
122
1991
8910
345
1974
3885
1147
8899
56
3848
9978
1840
2976
3309
1658
1644
1762
3626
494
6085
9362
8328
3983
1272
5916
7630
7581
9964
399
9861
7352
4360
884
6716
3082
8964
4822
1808
7543
3182
9110
7830
2622
8670
3573
3110
7956
4137
1781
9936
8348
6277
1566
1251
1163
6877
3128
966
5568
2400
1868
6216
8895
6678
2965
545
814
4880
3225
4296
6053
4540
3527
9160
5240
9782
5959
9052
5710
3781
615
7141
5235
2922
4476
5372
9574
4059
3357
4802
2151
6811
5600
702
9560
3131
1142
1279
4659
6344
6176
8808
5310
3102
9893
3671
3639
1058
2989
3607
1189
8378
7800
9585
7491
7899
8786
7972
837
1653
1944
5235
2343
8164
5950
4904
2452
5726
1365
2906
9595
4864
6528
8628
7382
802
2186
5931
5900
7236
7723
5634
5803
3167
5408
2592
6984
2486
4034
9285
6169
3715
984
9581
178
8849
3664
1911
7200
8453
3480
8988
8105
1069
4302
3245
5617
7890
3266
7260
8141
6228
443
8209
5907
4726
1003
1512
579
8772
9102
9452
8529
4378
2121
1292
9634
7249
7398
1338
7733
7093
882
2639
3714
8427
3210
6107
8025
5511
1071
100
9854
5866
895
9913
7000
6320
1884
2674
2991
8737
3442
7365
8825
969
1598
3802
8843
589
4972
3011
3283
1305
643
2788
3238
2455
2611
9971
9561
7583
6007
48
662
7499
9771
8567
6693
6824
4631
6583
7281
1217
2193
3041
9706
4017
304
1291
3021
7991
3111
4398
8359
2584
16
7111
5248
6117
551
6348
9799
5730
1827
2699
1133
1003
3151
8103
9231
9569
2981
4985
9261
6097
6644
562
6045
8385
5991
5839
4866
4544
5180
8140
2805
5920
3387
7541
2372
4221
3266
9761
2240
5417
843
7067
5102
7705
1422
6038
3120
4950
310
9022
5880
3833
6622
3833
1530
86
9245
5313
9789
464
437
7108
2283
8435
2795
4408
3233
4029
6222
253
7225
8851
5168
599
8320
2916
6122
4809
9679
5855
1042
8099
1585
4773
727
6305
5983
3278
8247
8913
520
7408
6163
3350
8297
4747
1346
4682
1793
8110
5150
3843
6934
2765
9200
1747
2912
6953
5861
9660
5984
315
8576
809
230
841
9982
9004
705
4448
3364
1685
9889
6744
5861
5959
5773
4071
5916
9769
7645
8391
5332
2802
7493
7055
2074
8751
1392
2308
1085
6317
7391
9591
3665
2562
2854
7014
5733
130
3674
238
6416
7675
9122
1573
6081
3366
3579
3203
1316
8823
4560
5040
8216
4027
7639
4456
9732
4950
8348
9046
3689
3441
1515
2356
2355
1889
8140
1695
2641
9643
5224
1821
9180
8893
256
4024
1308
4906
2537
4654
9698
8293
3551
8941
9451
3443
2801
4632
228
9415
988
5074
6617
3138
8600
7320
3401
6818
2304
5527
5483
2576
4860
8173
290
9077
3243
6891
6732
3164
4993
539
1331
9760
5960
1231
5724
8842
9031
2269
3243
3747
9713
867
9412
6846
6367
5646
4651
3010
4800
479
3642
5843
540
4017
7053
4698
4926
5724
9654
2011
59
7983
906
1761
6053
3189
6425
2990
1896
3637
2836
6824
7896
8277
8772
4635
5335
4326
2737
2600
2101
6733
8362
6768
6119
3748
7925
3633
1652
4554
1785
5074
6697
53
8592
406
8353
1845
7345
6183
3190
2520
578
2725
8110
4166
2436
5066
2694
8495
6427
7569
9482
5632
1705
2024
3148
8152
3846
9355
606
5598
2084
4358
7047
5965
4619
2827
6086
1462
1010
8635
7914
814
4608
88
6129
6176
6852
1062
8088
756
1785
7800
9879
2761
6356
5261
5932
9183
8371
4963
2239
9235
2772
349
355
2672
5636
256
7035
9215
5041
5985
3437
981
2496
2493
10
8361
5501
2985
9457
8949
5660
1485
3910
2412
2648
3963
8848
6424
8640
7524
4486
8698
5883
1620
94
1987
7970
3919
4094
766
758
8878
9254
7855
8581
6230
9910
9762
1627
5372
6108
5684
520
437
1903
1184
8424
8545
730
3259
2354
883
7452
2098
9982
2842
1558
617
9975
8616
4886
1316
374
6995
611
2052
5882
8986
511
8330
2588
1367
6584
2942
842
5401
2675
4277
7945
349
6671
1669
2504
1327
2747
1395
9196
3720
5878
2183
1229
7147
427
1134
2206
3233
5822
2646
322
6537
7937
5996
113
9124
8603
8723
2594
4748
5677
5660
7137
6269
2468
9816
477
3987
4040
9913
3791
1691
5401
5583
5493
7276
605
5882
3980
1181
5136
6748
2278
1170
4116
4408
1368
2563
1869
9562
1859
8744
7868
3318
5744
9684
4843
1058
9806
6756
6843
5082
6022
3433
8160
7791
3428
8121
2107
2499
1275
8068
2604
177
7926
6047
2659
772
9924
8223
2688
9195
3975
5009
1756
7868
525
7060
4685
7139
7848
9252
2253
3148
2585
8029
473
5622
4830
5739
7614
8695
3856
2364
524
518
3222
2646
4265
5590
8068
4927
9996
9709
4928
2922
9228
7858
2492
457
453
3389
6585
374
3563
4013
3758
1277
3719
2092
3803
7959
6669
1356
343
5509
3054
7977
6096
1139
7980
4189
7015
8949
3570
7602
8669
9725
6503
7306
75
360
3886
19
5394
2080
1706
2349
2493
10000
9973
6487
6836
2094
4204
2760
8601
5580
484
7339
4910
4355
5587
2536
798
5325
9200
8974
6046
4765
7197
3722
2539
9104
8229
779
4485
1310
799
8120
6179
1803
5159
4988
1045
3659
8122
1352
9567
7114
8322
4578
5916
5332
3041
9248
8297
1928
8750
7715
9446
3020
765
3171
2863
6055
8003
2418
8343
1236
3078
3123
206
7097
2715
5027
5940
2255
8832
8222
5915
9174
3155
7837
3189
3728
557
3682
990
8915
9548
3117
6554
3316
6409
5819
5106
540
3828
282
4976
4421
6768
4794
5124
2768
4851
2999
8667
5167
7469
3133
8696
5322
1107
7747
8430
7993
1549
9008
4098
5099
9606
2210
3511
5245
5680
5542
7774
1376
1939
758
2775
8466
3406
7826
8101
5256
9747
8606
2218
4327
5776
3248
2621
5464
7622
7216
2686
7554
5182
9380
2792
709
1582
5488
8345
2229
4494
9775
2825
719
8873
2331
5171
7672
4677
2170
3394
480
8734
7686
3818
4334
8202
1488
3695
770
8578
4745
5189
7923
4484
9992
5932
2378
4311
6545
1177
5131
311
3810
7642
5783
896
5882
3988
9815
1715
8536
3267
2068
9143
5125
1283
4720
1454
2133
2677
6413
9150
8665
9245
1551
7702
2269
6356
9100
1506
3380
1374
2468
8284
1851
6485
2431
7540
3836
2865
4203
7430
9007
3738
5772
7872
3082
5363
5871
8471
5517
9100
8085
2884
7003
5020
627
9911
4849
7678
5341
670
2242
4825
954
314
8949
1298
2453
6933
1422
2623
2263
8869
9392
3900
8016
5076
9408
7123
4806
6715
5801
3330
2874
1827
9676
6815
1599
4432
6819
513
9572
8018
5654
7761
1854
4542
9203
1839
1016
1409
7628
3718
8581
8976
4638
70
8130
8699
7823
7355
7577
1558
2502
9468
5186
7631
2072
2133
5587
9131
9526
9852
3244
9010
6756
1651
926
617
4794
8191
620
2089
537
8659
8190
4249
6380
7980
4492
5870
2717
1011
4989
8794
2225
7754
4751
8891
5440
2301
8542
5537
4042
7255
7035
8540
1075
2700
899
99
8969
2286
7520
6136
9850
3134
3309
2433
1506
6273
8569
4981
5063
975
7154
648
9942
5808
4720
6416
8924
1775
7598
8192
2030
4078
5352
4513
2722
7319
575
4606
4674
8605
5855
3493
8489
1898
3380
2554
8609
1237
756
9596
8005
7661
8520
7873
5828
7183
3317
7199
669
8032
7905
8947
7480
1930
9757
8228
9897
4885
457
2639
2613
1160
6530
2685
123
6083
1543
4610
8400
708
1899
859
2603
8030
5700
2676
7074
885
4768
6568
7747
6995
6370
3339
1173
563
7453
6903
5726
2495
7354
2564
5657
2892
6647
1335
233
2967
3306
7732
843
1811
7563
9498
4570
3340
3974
8842
1593
5321
9877
4354
9548
2130
4997
9471
1145
2703
55
1739
3210
8792
5159
1880
9173
5586
1314
1300
9719
5891
7662
3128
2889
2622
6891
8236
2491
3433
3034
1873
6689
5151
5473
5630
8265
809
5570
7700
4834
449
5750
5644
5812
2599
5266
521
8410
8950
8642
6375
3672
9128
3117
7396
2991
5645
8645
1665
7507
5380
4169
7075
1293
1589
43
6726
6515
2835
8597
5183
3919
6904
3753
1709
4698
3395
3727
2972
3409
8903
5443
660
3463
1352
8193
4023
2466
9643
6093
5002
8409
1902
3470
7615
5400
3560
7503
3004
8016
4495
6857
3918
2098
6102
7860
7368
1592
5043
2533
3448
5109
9148
6787
645
4256
4064
732
2981
2826
3542
809
4338
1735
5939
9918
3481
3092
9008
143
7938
5644
6619
5635
2939
7274
2870
5021
2492
6651
8414
3919
5056
7130
6183
4836
7715
3778
7910
3408
6639
1567
8369
9431
7314
7637
7204
8861
1511
5490
3881
6626
8752
5416
4253
5408
9020
1816
7435
3472
54
8807
4010
7177
2879
5967
5080
7389
1419
7093
5038
2919
3876
6039
75
3398
525
6772
2812
4652
9489
1951
445
3255
6036
387
4706
6033
9825
7254
6632
102
8483
6666
6465
3261
7354
2929
8098
9794
7759
2854
3814
6614
7011
822
8278
5211
8914
1114
8158
7939
6712
819
3473
3668
2856
4494
3695
4051
5880
7898
2139
5632
6007
2626
4306
9248
139
1642
6063
5678
5467
8961
875
4916
1983
6285
2562
739
7269
6980
9719
4525
5619
1131
3840
2131
7181
5472
1152
3246
6267
7630
7334
8655
3366
4064
3956
5026
1691
4845
7554
4193
7962
3505
5458
8028
9466
9184
8404
5795
1953
1966
4937
6930
7098
720
1044
2301
8722
9460
9063
3950
2333
2060
9132
9303
3310
2525
7015
1957
7693
5092
643
9476
1576
7590
8965
199
2953
7837
5254
1895
9150
6166
1659
7372
5365
6652
3441
1374
3638
7748
5347
8353
6215
6791
6265
4653
1520
8292
8206
9871
2157
2654
4718
2040
6211
659
7614
7572
7080
4665
7320
1590
7304
7118
442
4412
5308
3813
3946
1546
5698
5064
8936
5324
6916
4552
9124
3565
420
943
6051
6967
6256
2184
8961
2276
999
1551
9518
457
7482
3178
7783
3387
2281
7597
3942
9066
9905
3060
678
1361
6446
8354
8718
886
4420
5373
7551
5002
5608
4314
8354
1967
1895
284
5682
4213
5850
8521
1215
4878
8587
2456
9875
7476
3338
8821
5517
5543
1632
3871
178
8340
1366
5046
4033
2951
3230
9459
8949
9029
9366
6047
3303
1793
2291
8316
304
2228
4198
8428
8131
916
5044
3247
64
9720
112
5082
3327
4882
4166
6061
297
1775
1777
5047
6186
3658
9066
3544
8858
8208
3619
1681
3611
2062
3414
9990
8635
8243
2499
1329
6400
1160
131
8354
7339
7474
8329
2268
4855
9733
479
8663
4441
3665
561
3303
5866
4292
5591
2301
5786
7746
1923
4922
9052
8182
4984
485
617
8365
9481
9872
3135
5871
2699
4400
3177
650
9560
3862
1971
3823
4163
8383
4567
8240
7139
8525
8181
9970
5968
9882
2392
9340
6970
7299
8981
6052
7499
8006
1039
488
8203
6200
418
5195
832
4298
1060
77
4011
3794
6981
1490
7584
7112
9193
5089
6991
7512
8580
8860
2918
5624
3804
7807
1716
5906
5281
6364
1552
8722
8529
5731
278
370
3086
8030
887
9072
8873
7613
1124
4451
6776
4139
4512
1111
9096
9551
2141
2292
3446
8888
4345
9179
1537
8481
2483
2571
18
8760
8074
9397
7083
12
2917
8010
5915
3562
1169
8130
2646
964
757
3454
6128
3666
5012
3426
885
9133
7613
7733
971
6179
9587
48
3829
9900
681
8604
3583
4739
8422
8704
3452
4513
1481
1828
7677
8360
4320
1507
3441
736
802
9381
2890
4029
4821
2741
2516
204
5583
1041
7338
